unarchive data
0.023190442
-0.07173538
-0.13264805
0.011485459
-0.15185165
-0.079109915
0.0021799095
-0.057678077
-0.13925838
-0.24901378
-0.6649491
-3.571986
-0.068497166
-0.70332617
-2.4785225
0.027640045
-0.065338016
-0.23976475
0.1561979
-0.5245329
-2.540726
-0.012089016
-0.06474954
-0.140822
0.10861174
-0.42008808
-2.4785016
0.020190295
-0.06139554
-0.13886496
0.201347
-0.52539843
-1.8242805
0.26822782
-0.4223268
-2.3883827
0.010940045
-0.16660309
-0.074143514
0.0048606005
-0.1633999
-0.07436869
-0.007339423
-0.14226776
-0.08995465
-0.16236451
-0.41723564
-2.4670143
-0.021444738
-0.12758736
-0.70814395
0.64348
-0.60031796
-2.9743934
-0.0035854885
-0.05887249
-0.14370766
0.029335711
-0.059853747
-0.14197782
0.30775163
-0.9922273
-2.8993258
0.014071647
-0.06732527
-0.12833071
-0.009158518
-0.16175205
-0.07819309
-0.10134777
-0.5955858
-1.7965364
-0.16502392
-0.33908358
-1.3484702
0.019941997
-0.15470731
-0.07941465
-0.038184863
-0.50976855
-2.3982983
-0.1453704
-0.511688
-2.2624
0.0022663185
-0.66808254
-2.7553833
-0.12617075
-0.6639426
-2.8659549
-0.20554486
-0.45864287
-2.071472
0.006755851
-0.060338434
-0.12959647
0.07218351
-0.5944539
-2.3481097
0.11297762
-0.43387976
-2.4268146
0.9031575
-0.52348703
-1.5769901
1.123036
-0.560362
-2.01519
1.0539851
-0.47048506
-1.9571906
0.5266938
-0.037961446
-1.9447141
0.5722031
-0.13403288
-1.093767
0.8552264
0.1556569
-2.9528644
0.14955202
0.12012404
-3.053156
0.2395392
-0.24394813
-1.6957741
0.04809116
-0.48540875
-2.5769515
0.14754817
0.22610356
-3.0244613
0.9875976
0.32466292
-3.9161136
0.30700713
0.18621476
-1.4514084
0.3231544
-0.3572816
-2.024449
0.72211474
0.26010495
-2.8161893
0.13862216
-0.89398015
-2.700092
0.17389748
0.46920434
-2.595411
1.0730021
-0.5189031
-2.104961
0.87193286
0.45045683
-2.5113027
0.3979488
0.5191717
-2.641226
0.32475674
0.5284402
-2.785654
0.10462496
0.3188766
-1.925734
0.053159893
0.3912402
-1.6668453
0.27209243
0.2690274
-2.7267325
0.36217865
0.23013045
-2.5101683
-0.044331327
-0.6780228
-2.886198
-0.040537
0.40695485
-1.7834758
-0.16937447
-4.351208
-13.02604
-0.09541996
0.15892231
-6.2773237
-0.22207016
-0.93326336
-2.639043
-0.14934954
0.13269396
-2.1186256
-0.11315944
-0.7448412
-2.2110977
-0.23758066
-0.71077937
-2.5219493
-0.37741077
-0.398888
-2.3132029
-0.49479857
-1.003007
-2.6940517
-0.4025915
-1.9843857
-5.8985205
-0.20923677
-0.46121097
-2.755994
-0.49052033
-1.9579661
-5.2913833
-0.40867817
-0.9081543
-2.4661796
0.06292425
1.6386747
-8.767437
-0.390772
0.5415002
-5.962839
-0.3008248
-0.8501725
-2.2297304
-0.65752596
0.147934
-5.6185417
-0.33943754
-0.41009027
-2.0597854
0.2282533
0.15176076
-3.391735
-0.23182186
-0.54329306
-2.939354
-0.12340874
-1.4055903
-6.1587358
-0.3161482
-0.4195864
-2.5119376
-0.85648483
0.8803173
-7.596425
-0.38776863
-0.368273
-2.5349195
-0.5355748
0.5529906
-2.9124286
0.26990294
0.30152828
-3.6895332
0.016947294
-0.04231191
-0.86411196
-0.052989583
0.35129043
-4.3169994
-0.2104581
-0.4987805
-2.3506467
-0.24733803
0.33232576
-2.1579757
-0.25039348
-0.660042
-2.2728133
-0.84730506
-0.48808354
-2.7479463
-1.0324155
0.03018025
-3.2041464
-5.435839
1.1041797
-17.976748
-1.1422518
-0.33187017
-2.898989
-1.040208
-0.25861752
-3.2230606
-0.9391157
-0.9086075
-2.150964
1.4958061
-4.0698876
-11.022288
0.05230216
-1.3632638
-6.752595
-0.20344988
0.52148575
-5.0883503
-0.87770337
-0.98799866
-2.6648164
-0.93340176
-0.83564943
-2.5816898
-1.007739
-0.24817134
-2.7438428
-1.1414868
-0.24839085
-2.9218915
-0.5878301
-0.18448585
-1.5453391
-0.016613858
0.37018242
-2.3334258
-0.80629796
-0.06951756
-1.70826
-1.3215908
0.47946414
-2.5833585
-1.0126747
-0.25064644
-1.8038802
-0.21609691
-0.2190085
-1.5453103
-0.4478266
0.55906034
-2.2691102
-0.68231165
-0.31845713
-2.1803327
-1.0222334
-0.26972076
-1.9110273
-0.072339416
0.3600806
-1.7754947
-0.74438745
-0.3788091
-1.795901
0.07993187
0.34243435
-2.2600303
-0.22369438
0.41243666
-2.1000688
-0.3839217
-0.19177826
-0.657331
-0.15813056
0.92775977
-2.3113708
-0.1203678
-0.16695312
-1.065869
-0.43512583
-0.35872778
-2.3185105
-0.7745029
0.0072776414
-1.7575132
-0.13148396
-0.46629056
-2.8047185
0.26724005
0.46428838
-2.2729278
0.15025166
0.16507243
-2.230201
0.3280756
0.45924342
-2.183293
-0.0073044687
-0.29123056
-1.1193514
0.48901516
0.38473737
-2.3738253
0.5547192
0.22330095
-2.3201442
0.2981897
-0.5133673
-1.352281
0.046585947
-0.20960797
-1.3456337
0.13528743
0.287145
-1.0244206
0.20817977
-0.4755282
-1.6972164
0.058242112
0.29039133
-1.2479814
0.90329504
-0.30487904
-1.791385
0.12877974
0.15692887
-0.84863365
0.94396687
-0.44422993
-1.8815472
0.4019515
0.36497578
-1.3427584
0.54307663
0.13882045
-2.0302446
0.15707546
0.29021588
-1.4974549
-0.08198658
-0.72292596
-2.1982777
0.57854563
0.45529997
-1.9806648
-0.0883391
0.367077
-1.6892902
0.5242941
-0.123001486
-1.0287801
0.041758116
-0.16173808
-1.4860879
0.039341033
0.30995834
-0.95479286
-0.07259389
0.13381524
-2.2636647
0.35925975
0.15416473
-2.056443
0.21719325
0.21375726
-1.3831735
-0.113769956
0.18847235
-1.1130049
-0.1064987
-0.40877384
-1.4398069
-0.111204706
0.3022937
-1.1596733
0.44452524
0.21027975
-1.6452823
0.408185
-0.66465867
-2.1956823
0.4273258
0.19936481
-1.5821736
0.27463153
0.36655208
-1.3963779
0.060591646
-0.075775705
-1.0026376
-0.07929211
0.22934286
-0.95256436
0.561414
0.34425366
-1.7323579
0.3770678
-0.3555695
-1.2231191
0.39053333
0.2215452
-2.2291944
-0.12768313
0.3500915
-2.5591056
0.42581594
-0.7091257
-1.8180109
0.46059355
0.45028558
-1.9763206
0.30374742
0.42808613
-2.2587612
0.26754597
0.24096055
-2.2175906
0.39037016
0.16064948
-1.9798986
0.31561863
-0.5793509
-1.8448688
0.53696686
0.24854435
-2.60739
0.6525223
0.20715564
-2.4924262
0.32279298
0.103931785
-2.5174224
0.10468405
0.21357536
-2.2386174
0.23546988
0.26215547
-2.336969
0.4783459
0.38313618
-2.1212065
0.61822015
0.42385232
-2.1112278
0.4861115
0.35802096
-2.0191696
0.30690134
0.2247184
-2.0660396
0.55729806
0.43833363
-2.3324826
0.00985918
0.18311092
-2.2225323
0.046562947
-0.5362005
-2.7908897
0.30990753
-0.5704156
-1.4336686
0.52438945
0.17688186
-2.181516
0.31630266
-0.7056705
-2.4342206
0.06547279
-0.72709787
-2.94458
0.5235326
0.4235744
-1.8032765
0.40278715
-0.6970876
-2.072788
0.14241633
0.14716934
-1.8289074
0.8130862
0.46180627
-2.9164238
0.35153273
0.40802023
-2.3135502
0.58879435
0.49470302
-2.311912
0.049936004
0.4448237
-2.0801592
0.10052985
-0.5348121
-2.0119689
-0.13822478
0.4569228
-2.5332997
-0.16948414
-0.7678743
-2.7135005
-0.28219274
-0.52713877
-2.8443646
-0.28118148
0.18670279
-2.5578613
-0.29713625
-0.4345496
-2.7424994
0.3704186
-0.6153378
-2.0479538
0.2689841
-0.5262133
-2.474211
0.13093206
0.40885034
-2.234833
0.079857595
0.35773554
-2.1898916
-0.011365273
-0.59692466
-2.6388166
-0.105918996
-0.5685575
-1.9967462
-0.17403683
-0.7142713
-2.1967719
0.25845143
-0.5196062
-2.2707741
0.079660326
0.44381526
-2.6918476
-0.24535766
0.6214551
-2.5776997
-0.2429933
0.41470447
-2.3738759
-0.22789264
-0.8629302
-2.2680311
0.6332948
0.21873565
-2.4494987
0.0027361661
-0.31782895
-2.2337928
-0.315405
0.26371557
-3.0888553
-0.018011468
-0.5399733
-1.8800478
-0.39581653
-0.64069396
-2.119244
-0.32464358
-0.87602395
-2.4021862
0.51071745
0.4415811
-2.0151768
0.4072449
0.25839147
-1.711568
0.27373374
0.40212768
-2.3422632
0.18722823
0.3178204
-1.9028001
-0.33063382
-0.5906479
-2.7433212
-0.15029103
-0.30182242
-1.1341211
0.40374646
0.30163842
-1.2398183
0.16216037
-0.14791884
-0.6976924
0.28088284
0.25319925
-1.9209069
-0.10038815
0.13621789
-2.916066
-0.012466877
-0.65255904
-1.5804814
-0.20776764
-0.43869805
-2.2355766
-0.37831822
0.53070605
-2.755168
-0.47440034
0.58888626
-3.1650665
-0.052687477
-0.30894437
-1.1160637
-0.07700625
-0.073976174
-0.8833286
-0.7337386
-0.4637566
-2.8625326
0.07274094
0.047962267
-0.24420902
0.4307691
0.23609446
-2.445598
-0.11243123
0.42879078
-2.151628
-0.31001264
0.30951706
-3.2320702
0.08768976
-0.010444069
-0.6869307
-0.023525767
-0.22327855
-0.8884054
0.37806565
0.16375972
-1.9324574
0.26577312
0.19842671
-2.1971579
0.03681361
-0.7403911
-2.1481214
-0.13375527
0.30087748
-1.6109114
-0.41116554
0.64084274
-2.8048232
0.5663467
-0.7087073
-2.226828
0.13434494
0.21706244
-1.8063478
-0.014383059
-0.7964798
-2.604767
0.1393516
0.22368182
-2.8000546
0.033599295
0.5406535
-2.0883338
0.113715194
-0.64426893
-2.3617566
-0.021295805
0.322833
-1.3872738
-0.060255203
0.37016535
-1.958526
-0.10891295
0.7365281
-2.201996
-0.105890945
-0.86164147
-2.5815854
-0.34843788
1.0805646
-3.4717977
-0.30437723
-0.31467673
-2.205858
0.15171614
0.29998195
-0.78765076
0.5514803
0.43739837
-1.9408954
-0.020267252
-0.12836513
-1.0701299
-0.19241676
0.5130401
-1.8918031
-0.12211919
0.11106774
-1.2769299
-0.5592035
-1.2653769
-3.3028214
0.5982769
-0.57996386
-3.0321262
0.039697956
-0.341075
-1.7905824
0.59780234
0.327074
-2.3664653
0.3300815
0.4189492
-1.8070788
-0.038730416
-0.026105613
-0.08636608
-0.4243171
0.55808806
-2.7998295
0.049439013
-0.035403874
-0.07967235
0.03909201
-0.031930752
-0.07504238
0.02281876
-0.06854316
-0.13515553
-0.00080309995
-0.03970862
-0.095698245
-0.06902191
0.36974296
-2.3430064
-0.072381124
-0.21209094
-0.9362842
-0.11253977
0.18300563
-0.9350247
-0.15017241
-0.030244645
-0.7903782
-0.02203013
0.0021318793
-0.03638605
0.21727553
0.28911698
-0.8093053
0.6671235
-1.0506884
-3.0422604
0.48452798
0.32007286
-1.6338769
0.44304147
0.34252587
-1.8594162
0.39333597
0.35046503
-1.7483699
0.03436068
-0.037090715
-0.08249476
0.08710873
0.2136226
-0.25697544
0.3958963
0.23032282
-1.9127568
-0.14660224
-0.54706013
-1.7412559
-0.13619006
0.3910848
-1.107556
-0.15816191
0.2382059
-1.3816284
0.045837663
-0.03376515
-0.079390645
0.44412073
-0.36820522
-0.9982889
0.24327648
-0.21911658
-0.78592396
0.04718073
-0.045104146
-0.07134324
0.2589025
-0.5649921
-2.0286372
0.10521718
-0.1718654
-1.3614045
-0.054674074
0.54258555
-0.942592
-0.090228625
-0.38868383
-1.9800721
-0.23282576
-0.21756715
-0.7223817
0.3128897
-0.51217747
-1.6029088
-0.024529785
-0.07930863
-0.75023174
0.51021236
0.2016838
-1.9561012
-0.16079417
-0.06555228
-1.0522736
0.13824487
-0.12278472
-0.83989674
0.48229742
0.37648088
-1.6378049
0.02249153
-0.10805012
-1.0323348
-0.085714914
-0.18340798
-1.1563097
0.068705626
0.2158328
-0.69193816
0.34987813
-0.77591664
-2.4387019
0.016421052
-0.082708456
-0.15864599
0.093974456
0.2026043
-0.5813177
0.55163366
0.446887
-1.9161705
0.033640753
-0.03712549
-0.08479548
-0.11669422
-0.40960512
-1.612157
-0.020915806
-0.64216745
-2.3296425
-0.018699711
-0.05032059
-0.098643936
0.18189964
-0.34034815
-1.9723462
0.038448926
0.16543941
-0.7938418
0.14677867
0.35287604
-1.2699006
0.094698094
0.3614828
-1.7612623
0.09233001
0.21272214
-2.0240202
0.0024151262
-0.06651871
-0.653641
1.0439987
-0.627112
-1.8420078
0.33296084
0.26041454
-1.5843565
0.09110123
0.11530392
0.023310082
0.33043486
-0.025280107
-0.47632703
0.547549
0.43373683
-2.1956706
0.8142019
0.76247406
-1.4311916
0.72602516
-0.3420292
-1.1423086
0.58372635
0.34641317
-1.9997221
0.13237336
0.22188647
-0.88088715
1.3730648
-0.73409843
-2.3228211
0.60026157
-0.19563273
-0.9253687
0.9841791
-0.5336836
-1.7254342
0.12047178
0.293824
-1.0309235
-0.10190333
-0.17685111
-1.290558
0.05237118
-0.05387734
-0.11390292
0.104561955
0.2161814
-0.040878385
0.480816
0.34475157
-0.6459954
0.21061894
0.16719615
-0.16652828
0.7009304
0.18443455
-1.1509537
0.31339645
0.3553108
-1.1839445
0.03592477
-0.04285367
-0.112178154
0.11147323
-0.16791235
-0.8322059
0.0073102117
-0.033812944
-0.08510586
0.054970384
-0.33056396
-1.7264197
-0.02386919
0.34874764
-1.6802359
0.1987206
0.18043335
-0.14115056
-0.05187121
-0.30239096
-1.5505596
0.2415052
0.22999598
-0.22009373
0.017305868
0.17423318
0.17983013
0.435322
-0.14420013
-0.5387457
1.0285798
-0.44008833
-1.6028229
0.8874227
0.8656531
-1.6060711
0.6905893
-0.115123674
-1.0182039
0.32208383
0.38442686
-1.3808306
0.21223304
0.14576
-1.779057
0.03672121
0.29510558
-1.2105534
-0.09909894
-0.7458565
-2.2723
-0.046568908
0.27681866
-0.9837485
0.30478662
0.10562858
-0.29277888
0.6595067
0.041736107
-0.9430003
0.46851495
0.072616085
-0.69594544
0.9148818
-0.42733747
-1.8265007
0.23106366
0.31404135
-0.85399294
0.33136806
0.34753442
-1.3582038
0.34112158
0.33512878
-1.5086218
0.29035786
0.22541545
-1.39751
0.14047831
0.29953727
-1.5050777
-0.14331234
0.4886407
-2.9092448
-0.22421971
-0.91044223
-2.7113883
0.28481978
0.31231445
-1.3683692
0.15923461
-0.16726741
-0.69012505
0.25192398
0.21417527
-1.4553052
0.14095277
-0.2692723
-1.7940311
-0.25835305
0.18669182
-2.3625696
0.19310716
0.32468563
-1.2907121
0.19107205
0.40166774
-1.6771076
-0.39286572
-1.1380337
-3.0582225
0.22746587
-0.17176506
-0.69767743
-0.2118465
-0.7608375
-2.035263
-0.20626113
0.26738
-1.9580542
0.28286195
0.2479982
-1.5811999
0.3846892
-0.8953413
-3.0273905
0.07606598
0.21530475
-1.1680346
-0.011578066
-0.034225542
-0.091072835
0.019183349
-0.40653443
-2.6975267
-0.014854738
-0.8711822
-2.0432475
-0.34931678
-0.3851677
-2.477161
0.07839148
0.7173458
-3.1650846
-0.36470053
-0.47828814
-3.174693
0.51847255
0.41443613
-1.6830019
0.3953233
-0.33321944
-1.9890217
0.41624653
-1.0626669
-2.2308772
0.18773326
0.19915225
-1.5890943
0.39079988
0.37484103
-1.338144
-0.05740273
0.48603192
-1.6976808
-0.07130933
-0.7321323
-3.133154
0.39292198
0.25586122
-1.3430567
-0.16363007
0.40422314
-0.8321875
0.29328257
0.332465
-1.1363012
0.3133112
0.26191124
-1.1175176
0.028155804
-0.0162062
-0.068963125
-0.08225257
-0.082276806
-0.11169257
-0.33428437
-0.5037752
-2.7700756
-0.4133901
-0.72593164
-2.0498478
0.46383914
-0.14207083
-0.91176414
0.27381858
0.29657894
-1.025066
0.386834
-0.3741456
-1.3468214
0.04570448
-0.030490872
-0.076445
0.20272347
-0.17877597
-0.86289734
-0.48462403
0.6471031
-3.4345121
-0.13881814
0.110882685
-1.3327553
0.19846347
-0.24896039
-1.2654161
0.082690515
-0.062506996
-0.8590924
A5C5D54E-E8D4-44C2-AB55-EFBDFBF6BD2F
BDF5B234-B497-45E2-AA21-021B00D502CE
B052DDB7-901B-48B5-9150-3BFC5FB03AD4
EAECDDE6-99D8-4B83-87F3-BB08F6BE3C88
center: 
float3(-1.9700165, -1.3562667, -8.8984585)
